00
00
00
00
00
00
00
00
00
00
00
00
00
00
00
00
23
23
23
23
23
23
23
23
ff
03
7f
28
00
15
15
15
66
00
0d
42
00
0f
04
08
00
20
00
00
00
00
15
15
15
00
07
00
3f
00
00
00
00
00
00
00
00
00
2a
15
dd
0d
00
00
00
00
00
00
00
00
00
00
00
00
00
00
00
ff
ff
ff
00
00
00
15
dd
0d
00
00
00
00
00
00
00
00
00
00
00
00
00
00
00
ff
ff
ff
00
00
00
15
dd
0d
00
00
00
00
00
00
00
00
00
00
00
00
00
00
00
ff
ff
ff
00
00
00
15
dd
0d
00
00
00
00
00
00
00
00
00
00
00
00
00
00
00
ff
ff
ff
00
00
00
15
dd
0d
00
00
00
00
00
00
00
00
00
00
00
00
00
00
00
ff
ff
ff
00
00
00
3f
dd
0d
00
00
00
00
00
00
00
00
00
00
00
00
00
00
00
11
11
11
00
00
00
00
00
70
00
00
00
00
00
00
00
00
00
00
00
00
00
00
00
00
00
00
00
00
00
bb
0b
7a
00
00
00
0a
00
00
00
0a
3f
3f
38
07
00
00
07
00
00
07
00
00
79
00
ff
09
00
ff
09
00
ff
09
00
ff
09
00
ff
88
88
88
88
28
00
00
00
00
00
00
00
15
00
00
00
00
00
00
00
00
00
00
00
ff
ff
ff
40
40
40
2a
2a
2a
00
00
ff
ff
ff
40
40
40
2a
2a
2a
4e
4e
4e
aa
0a
07
00
ff
ff
ff
ff
ff
00
00
88
88
08
00
00
09
00
ff
09
00
ff
09
00
ff
09
00
ff
09
00
ff
09
00
ff
09
00
ff
09
00
ff
09
00
ff
09
00
ff
00
00
00
aa
01
02
00
